t	 level	 flow	 fillvalve
0	 0	 0	 750
0.125	 34	 145	 750
0.25	 70	 203	 750
0.375	 101	 240	 750
0.5	 131	 272	 750
0.625	 156	 297	 750
0.75	 183	 321	 750
0.875	 207	 342	 750
1.0	 229	 359	 750
1.125	 251	 376	 750
1.25	 272	 391	 750
1.375	 291	 405	 750
1.5	 309	 417	 750
1.625	 327	 429	 750
1.75	 344	 440	 750
1.875	 361	 451	 750
2.0	 374	 459	 750
2.125	 390	 468	 750
2.25	 405	 477	 750
2.375	 418	 485	 750
2.5	 433	 493	 750
2.625	 445	 500	 750
2.75	 458	 508	 750
2.875	 470	 514	 750
3.0	 483	 521	 750
3.125	 494	 527	 750
3.25	 505	 533	 750
3.375	 516	 539	 750
3.5	 526	 544	 750
3.625	 536	 549	 750
3.75	 545	 554	 750
3.875	 555	 559	 750
4.0	 564	 563	 750
4.125	 573	 568	 750
4.25	 582	 572	 750
4.375	 590	 576	 750
4.5	 597	 579	 750
4.625	 605	 583	 750
4.75	 612	 587	 750
4.875	 619	 590	 750
5.0	 626	 593	 750
5.125	 634	 597	 750
5.25	 640	 600	 750
5.375	 646	 603	 750
5.5	 653	 606	 750
5.625	 659	 609	 750
5.75	 665	 611	 750
5.875	 671	 614	 750
6.0	 676	 617	 750
6.125	 682	 619	 750
6.25	 687	 622	 750
6.375	 693	 624	 750
6.5	 698	 626	 750
6.625	 703	 628	 750
6.75	 707	 630	 750
6.875	 712	 632	 750
7.0	 716	 635	 750
7.125	 721	 636	 750
7.25	 725	 638	 750
7.375	 729	 640	 750
7.5	 733	 642	 750
7.625	 737	 644	 750
7.75	 741	 645	 750
7.875	 744	 647	 750
8.0	 748	 648	 750
8.125	 751	 650	 750
8.25	 755	 651	 750
8.375	 758	 653	 750
8.5	 762	 654	 750
8.625	 764	 656	 750
8.75	 768	 657	 750
8.875	 771	 658	 750
9.0	 774	 659	 750
9.125	 776	 660	 750
9.25	 779	 662	 750
9.375	 781	 663	 750
9.5	 784	 664	 750
9.625	 787	 665	 750
9.75	 789	 666	 750
9.875	 791	 667	 750
10.0	 794	 668	 750
10.125	 796	 669	 750
10.25	 798	 670	 750
10.375	 800	 671	 750
10.5	 802	 672	 750
10.625	 805	 672	 750
10.75	 807	 673	 750
10.875	 808	 674	 750
11.0	 810	 675	 750
11.125	 812	 676	 750
11.25	 814	 676	 750
11.375	 816	 677	 750
11.5	 817	 678	 750
11.625	 819	 679	 750
11.75	 821	 679	 750
11.875	 822	 680	 750
12.0	 824	 680	 750
12.125	 825	 681	 750
12.25	 827	 682	 750
12.375	 828	 682	 750
12.5	 830	 683	 750
12.625	 831	 683	 750
12.75	 832	 684	 750
12.875	 834	 685	 750
13.0	 835	 685	 750
13.125	 836	 686	 750
13.25	 838	 686	 750
13.375	 839	 687	 750
13.5	 840	 687	 750
13.625	 841	 688	 750
13.75	 842	 688	 750
13.875	 843	 688	 750
14.0	 844	 689	 750
14.125	 845	 689	 750
14.25	 846	 690	 750
14.375	 847	 690	 750
14.5	 848	 690	 750
14.625	 849	 691	 750
14.75	 850	 691	 750
14.875	 851	 691	 750
15.0	 851	 692	 750
15.125	 852	 692	 750
15.25	 853	 692	 750
15.375	 854	 693	 750
15.5	 855	 693	 750
15.625	 855	 693	 750
15.75	 856	 694	 750
15.875	 857	 694	 750
16.0	 858	 694	 750
16.125	 858	 694	 750
16.25	 859	 695	 750
16.375	 859	 695	 750
16.5	 860	 695	 750
16.625	 861	 696	 750
16.75	 861	 696	 750
16.875	 862	 696	 750
17.0	 862	 696	 750
17.125	 863	 696	 750
17.25	 863	 697	 750
17.375	 864	 697	 750
17.5	 864	 697	 750
17.625	 865	 697	 750
17.75	 865	 697	 750
17.875	 866	 698	 750
18.0	 866	 698	 750
18.125	 867	 698	 750
18.25	 867	 698	 750
18.375	 868	 698	 750
18.5	 868	 698	 750
18.625	 868	 699	 750
18.75	 869	 699	 750
18.875	 869	 699	 750
19.0	 870	 699	 750
19.125	 870	 699	 750
19.25	 870	 699	 750
19.375	 871	 700	 750
19.5	 871	 700	 750
19.625	 871	 700	 750
19.75	 872	 700	 750
19.875	 872	 700	 750
20.0	 872	 700	 750
20.125	 873	 700	 750
20.25	 873	 700	 750
20.375	 873	 701	 750
20.5	 874	 701	 750
20.625	 874	 701	 750
20.75	 874	 701	 750
20.875	 874	 701	 750
21.0	 0	 0	 775
21.125	 31	 147	 775
21.25	 70	 202	 775
21.375	 96	 243	 775
21.5	 125	 275	 775
21.625	 150	 302	 775
21.75	 175	 325	 775
21.875	 199	 347	 775
22.0	 221	 365	 775
22.125	 241	 381	 775
22.25	 258	 394	 775
22.375	 277	 409	 775
22.5	 295	 421	 775
22.625	 312	 433	 775
22.75	 330	 445	 775
22.875	 345	 456	 775
23.0	 361	 466	 775
23.125	 376	 475	 775
23.25	 390	 484	 775
23.375	 404	 493	 775
23.5	 417	 500	 775
23.625	 430	 508	 775
23.75	 442	 515	 775
23.875	 453	 522	 775
24.0	 461	 526	 775
24.125	 472	 532	 775
24.25	 482	 538	 775
24.375	 493	 544	 775
24.5	 503	 549	 775
24.625	 513	 555	 775
24.75	 521	 559	 775
24.875	 531	 564	 775
25.0	 539	 569	 775
25.125	 547	 573	 775
25.25	 556	 578	 775
25.375	 564	 582	 775
25.5	 571	 586	 775
25.625	 579	 589	 775
25.75	 586	 593	 775
25.875	 593	 596	 775
26.0	 600	 600	 775
26.125	 606	 603	 775
26.25	 612	 606	 775
26.375	 618	 609	 775
26.5	 624	 612	 775
26.625	 630	 615	 775
26.75	 636	 618	 775
26.875	 641	 620	 775
27.0	 646	 623	 775
27.125	 651	 625	 775
27.25	 656	 628	 775
27.375	 661	 630	 775
27.5	 666	 632	 775
27.625	 671	 634	 775
27.75	 675	 636	 775
27.875	 679	 638	 775
28.0	 683	 640	 775
28.125	 687	 642	 775
28.25	 691	 644	 775
28.375	 695	 646	 775
28.5	 698	 647	 775
28.625	 702	 649	 775
28.75	 705	 651	 775
28.875	 709	 652	 775
29.0	 712	 654	 775
29.125	 715	 655	 775
29.25	 718	 657	 775
29.375	 721	 658	 775
29.5	 724	 659	 775
29.625	 727	 661	 775
29.75	 730	 662	 775
29.875	 732	 663	 775
30.0	 735	 664	 775
30.125	 737	 665	 775
30.25	 740	 666	 775
30.375	 742	 667	 775
30.5	 744	 668	 775
30.625	 749	 670	 775
30.75	 751	 671	 775
30.875	 753	 672	 775
31.0	 755	 673	 775
31.125	 757	 674	 775
31.25	 759	 675	 775
31.375	 761	 676	 775
31.5	 763	 677	 775
31.625	 765	 677	 775
31.75	 766	 678	 775
31.875	 768	 679	 775
32.0	 770	 680	 775
32.125	 771	 680	 775
32.25	 773	 681	 775
32.375	 774	 682	 775
32.5	 776	 682	 775
32.625	 777	 683	 775
32.75	 778	 684	 775
32.875	 780	 684	 775
33.0	 781	 685	 775
33.125	 782	 685	 775
33.25	 784	 686	 775
33.375	 785	 686	 775
33.5	 786	 687	 775
33.625	 787	 687	 775
33.75	 788	 688	 775
33.875	 789	 688	 775
34.0	 790	 689	 775
34.125	 791	 689	 775
34.25	 792	 690	 775
34.375	 793	 690	 775
34.5	 794	 690	 775
34.625	 795	 691	 775
34.75	 796	 691	 775
34.875	 797	 692	 775
35.0	 798	 692	 775
35.125	 799	 692	 775
35.25	 799	 693	 775
35.375	 800	 693	 775
35.5	 801	 693	 775
35.625	 802	 694	 775
35.75	 802	 694	 775
35.875	 803	 694	 775
36.0	 804	 694	 775
36.125	 804	 695	 775
36.25	 805	 695	 775
36.375	 806	 695	 775
36.5	 806	 696	 775
36.625	 807	 696	 775
36.75	 807	 696	 775
36.875	 808	 696	 775
37.0	 808	 697	 775
37.125	 809	 697	 775
37.25	 810	 697	 775
37.375	 810	 697	 775
37.5	 811	 697	 775
37.625	 811	 698	 775
37.75	 811	 698	 775
37.875	 812	 698	 775
38.0	 812	 698	 775
38.125	 813	 698	 775
38.25	 813	 699	 775
38.375	 814	 699	 775
38.5	 814	 699	 775
38.625	 814	 699	 775
38.75	 815	 699	 775
38.875	 815	 699	 775
39.0	 815	 700	 775
39.125	 816	 700	 775
39.25	 816	 700	 775
39.375	 816	 700	 775
39.5	 817	 700	 775
39.625	 817	 700	 775
39.75	 817	 700	 775
39.875	 818	 700	 775
40.0	 818	 701	 775
40.125	 818	 701	 775
40.25	 818	 701	 775
40.375	 0	 0	 800
40.5	 28	 144	 800
40.625	 63	 203	 800
40.75	 95	 248	 800
40.875	 122	 281	 800
41.0	 149	 310	 800
41.125	 171	 332	 800
41.25	 195	 354	 800
41.375	 216	 372	 800
41.5	 236	 389	 800
41.625	 256	 405	 800
41.75	 274	 419	 800
41.875	 293	 433	 800
42.0	 309	 445	 800
42.125	 322	 455	 800
42.25	 337	 465	 800
42.375	 353	 476	 800
42.5	 367	 485	 800
42.625	 380	 494	 800
42.75	 394	 502	 800
42.875	 406	 510	 800
43.0	 419	 518	 800
43.125	 430	 525	 800
43.25	 441	 531	 800
43.375	 452	 538	 800
43.5	 462	 544	 800
43.625	 472	 550	 800
43.75	 482	 555	 800
43.875	 491	 561	 800
44.0	 500	 566	 800
44.125	 509	 570	 800
44.25	 517	 575	 800
44.375	 526	 580	 800
44.5	 533	 584	 800
44.625	 541	 588	 800
44.75	 548	 592	 800
44.875	 555	 596	 800
45.0	 562	 599	 800
45.125	 568	 603	 800
45.25	 575	 606	 800
45.375	 581	 609	 800
45.5	 586	 612	 800
45.625	 592	 615	 800
45.75	 598	 618	 800
45.875	 603	 621	 800
46.0	 608	 624	 800
46.125	 613	 626	 800
46.25	 618	 629	 800
46.375	 622	 631	 800
46.5	 627	 633	 800
46.625	 631	 635	 800
46.75	 636	 638	 800
46.875	 640	 640	 800
47.0	 643	 642	 800
47.125	 648	 644	 800
47.25	 651	 645	 800
47.375	 655	 647	 800
47.5	 659	 649	 800
47.625	 662	 651	 800
47.75	 665	 652	 800
47.875	 669	 654	 800
48.0	 671	 655	 800
48.125	 674	 657	 800
48.25	 678	 658	 800
48.375	 680	 660	 800
48.5	 683	 661	 800
48.625	 686	 662	 800
48.75	 689	 664	 800
48.875	 691	 665	 800
49.0	 694	 666	 800
49.125	 696	 667	 800
49.25	 699	 669	 800
49.375	 701	 670	 800
49.5	 703	 671	 800
49.625	 706	 672	 800
49.75	 708	 673	 800
49.875	 710	 674	 800
50.0	 712	 675	 800
50.125	 713	 676	 800
50.25	 715	 676	 800
50.375	 717	 677	 800
50.5	 718	 678	 800
50.625	 720	 679	 800
50.75	 722	 679	 800
50.875	 723	 680	 800
51.0	 725	 681	 800
51.125	 726	 682	 800
51.25	 728	 682	 800
51.375	 729	 683	 800
51.5	 731	 684	 800
51.625	 732	 684	 800
51.75	 733	 685	 800
51.875	 734	 685	 800
52.0	 735	 686	 800
52.125	 737	 686	 800
52.25	 738	 687	 800
52.375	 739	 687	 800
52.5	 740	 688	 800
52.625	 741	 688	 800
52.75	 742	 689	 800
52.875	 743	 689	 800
53.0	 744	 690	 800
53.125	 745	 690	 800
53.25	 746	 691	 800
53.375	 747	 691	 800
53.5	 748	 692	 800
53.625	 749	 692	 800
53.75	 749	 692	 800
53.875	 750	 693	 800
54.0	 751	 693	 800
54.125	 752	 693	 800
54.25	 752	 694	 800
54.375	 753	 694	 800
54.5	 754	 694	 800
54.625	 755	 695	 800
54.75	 755	 695	 800
54.875	 756	 695	 800
55.0	 756	 696	 800
55.125	 757	 696	 800
55.25	 758	 696	 800
55.375	 758	 696	 800
55.5	 759	 697	 800
55.625	 759	 697	 800
55.75	 760	 697	 800
55.875	 760	 697	 800
56.0	 761	 697	 800
56.125	 761	 698	 800
56.25	 762	 698	 800
56.375	 762	 698	 800
56.5	 763	 698	 800
56.625	 763	 699	 800
56.75	 763	 699	 800
56.875	 764	 699	 800
57.0	 764	 699	 800
57.125	 764	 699	 800
57.25	 765	 699	 800
57.375	 765	 700	 800
57.5	 766	 700	 800
57.625	 766	 700	 800
57.75	 766	 700	 800
57.875	 767	 700	 800
58.0	 767	 700	 800
58.125	 767	 700	 800
58.25	 767	 701	 800
58.375	 0	 0	 825
58.5	 31	 153	 825
58.625	 68	 217	 825
58.75	 96	 258	 825
58.875	 122	 290	 825
59.0	 147	 317	 825
59.125	 177	 348	 825
59.25	 198	 368	 825
59.375	 221	 388	 825
59.5	 242	 406	 825
59.625	 260	 421	 825
59.75	 276	 434	 825
59.875	 293	 447	 825
60.0	 310	 460	 825
60.125	 325	 471	 825
60.25	 339	 481	 825
60.375	 353	 491	 825
60.5	 366	 499	 825
60.625	 378	 508	 825
60.75	 390	 516	 825
60.875	 402	 523	 825
61.0	 413	 530	 825
61.125	 425	 538	 825
61.25	 435	 544	 825
61.375	 444	 550	 825
61.5	 454	 556	 825
61.625	 463	 562	 825
61.75	 472	 567	 825
61.875	 481	 572	 825
62.0	 485	 575	 825
62.125	 493	 579	 825
62.25	 500	 584	 825
62.375	 508	 588	 825
62.5	 515	 592	 825
62.625	 522	 596	 825
62.75	 529	 600	 825
62.875	 535	 604	 825
63.0	 541	 607	 825
63.125	 547	 610	 825
63.25	 553	 613	 825
63.375	 559	 617	 825
63.5	 564	 620	 825
63.625	 570	 623	 825
63.75	 575	 625	 825
63.875	 579	 628	 825
64.0	 585	 631	 825
64.125	 589	 633	 825
64.25	 594	 636	 825
64.375	 598	 638	 825
64.5	 602	 640	 825
64.625	 606	 642	 825
64.75	 610	 644	 825
64.875	 614	 646	 825
65.0	 618	 648	 825
65.125	 621	 650	 825
65.25	 625	 652	 825
65.375	 628	 654	 825
65.5	 631	 655	 825
65.625	 634	 657	 825
65.75	 637	 658	 825
65.875	 640	 660	 825
66.0	 643	 661	 825
66.125	 646	 663	 825
66.25	 648	 664	 825
66.375	 651	 665	 825
66.5	 653	 667	 825
66.625	 656	 668	 825
66.75	 658	 669	 825
66.875	 660	 670	 825
67.0	 662	 671	 825
67.125	 665	 672	 825
67.25	 667	 673	 825
67.375	 669	 674	 825
67.5	 670	 675	 825
67.625	 672	 676	 825
67.75	 674	 677	 825
67.875	 676	 678	 825
68.0	 678	 679	 825
68.125	 679	 680	 825
68.25	 681	 680	 825
68.375	 682	 681	 825
68.5	 683	 682	 825
68.625	 685	 683	 825
68.75	 686	 683	 825
68.875	 688	 684	 825
69.0	 689	 685	 825
69.125	 690	 685	 825
69.25	 691	 686	 825
69.375	 693	 686	 825
69.5	 694	 687	 825
69.625	 695	 688	 825
69.75	 696	 688	 825
69.875	 697	 689	 825
70.0	 698	 689	 825
70.125	 699	 690	 825
70.25	 700	 690	 825
70.375	 701	 691	 825
70.5	 702	 691	 825
70.625	 703	 691	 825
70.75	 704	 692	 825
70.875	 704	 692	 825
71.0	 705	 693	 825
71.125	 706	 693	 825
71.25	 707	 693	 825
71.375	 708	 694	 825
71.5	 708	 694	 825
71.625	 709	 694	 825
71.75	 710	 695	 825
71.875	 710	 695	 825
72.0	 711	 695	 825
72.125	 712	 696	 825
72.25	 712	 696	 825
72.375	 713	 696	 825
72.5	 713	 696	 825
72.625	 714	 697	 825
72.75	 714	 697	 825
72.875	 715	 697	 825
73.0	 715	 697	 825
73.125	 716	 698	 825
73.25	 716	 698	 825
73.375	 717	 698	 825
73.5	 717	 698	 825
73.625	 717	 699	 825
73.75	 718	 699	 825
73.875	 718	 699	 825
74.0	 719	 699	 825
74.125	 719	 699	 825
74.25	 719	 699	 825
74.375	 720	 700	 825
74.5	 720	 700	 825
74.625	 720	 700	 825
74.75	 721	 700	 825
74.875	 721	 700	 825
75.0	 721	 700	 825
75.125	 722	 701	 825
75.25	 722	 701	 825
75.375	 722	 701	 825
75.5	 722	 701	 825
75.625	 0	 0	 850
75.75	 31	 158	 850
75.875	 67	 221	 850
76.0	 94	 263	 850
76.125	 121	 296	 850
76.25	 146	 326	 850
76.375	 168	 350	 850
76.5	 191	 372	 850
76.625	 212	 392	 850
76.75	 230	 409	 850
76.875	 249	 425	 850
77.0	 266	 439	 850
77.125	 283	 452	 850
77.25	 298	 464	 850
77.375	 314	 476	 850
77.5	 327	 486	 850
77.625	 341	 497	 850
77.75	 353	 506	 850
77.875	 367	 515	 850
78.0	 378	 523	 850
78.125	 389	 530	 850
78.25	 400	 537	 850
78.375	 411	 545	 850
78.5	 420	 551	 850
78.625	 430	 557	 850
78.75	 439	 563	 850
78.875	 448	 569	 850
79.0	 456	 574	 850
79.125	 464	 579	 850
79.25	 472	 584	 850
79.375	 480	 589	 850
79.5	 487	 593	 850
79.625	 494	 597	 850
79.75	 501	 601	 850
79.875	 507	 605	 850
80.0	 513	 609	 850
80.125	 519	 613	 850
80.25	 525	 616	 850
80.375	 531	 619	 850
80.5	 536	 622	 850
80.625	 541	 625	 850
80.75	 546	 628	 850
80.875	 551	 631	 850
81.0	 555	 633	 850
81.125	 560	 636	 850
81.25	 564	 638	 850
81.375	 568	 641	 850
81.5	 572	 643	 850
81.625	 576	 645	 850
81.75	 580	 647	 850
81.875	 584	 649	 850
82.0	 587	 651	 850
82.125	 590	 653	 850
82.25	 594	 655	 850
82.375	 597	 657	 850
82.5	 600	 658	 850
82.625	 603	 660	 850
82.75	 606	 661	 850
82.875	 608	 663	 850
83.0	 611	 664	 850
83.125	 614	 666	 850
83.25	 616	 667	 850
83.375	 618	 668	 850
83.5	 621	 669	 850
83.625	 623	 671	 850
83.75	 625	 672	 850
83.875	 627	 673	 850
84.0	 629	 674	 850
84.125	 631	 675	 850
84.25	 633	 676	 850
84.375	 634	 677	 850
84.5	 636	 678	 850
84.625	 638	 679	 850
84.75	 639	 679	 850
84.875	 641	 680	 850
85.0	 642	 681	 850
85.125	 644	 682	 850
85.25	 645	 682	 850
85.375	 647	 683	 850
85.5	 648	 684	 850
85.625	 649	 685	 850
85.75	 650	 685	 850
85.875	 652	 686	 850
86.0	 653	 687	 850
86.125	 654	 687	 850
86.25	 655	 688	 850
86.375	 656	 688	 850
86.5	 657	 689	 850
86.625	 658	 689	 850
86.75	 659	 690	 850
86.875	 660	 690	 850
87.0	 661	 691	 850
87.125	 662	 691	 850
87.25	 663	 692	 850
87.375	 664	 692	 850
87.5	 664	 693	 850
87.625	 665	 693	 850
87.75	 666	 693	 850
87.875	 667	 694	 850
88.0	 667	 694	 850
88.125	 668	 694	 850
88.25	 669	 695	 850
88.375	 669	 695	 850
88.5	 670	 695	 850
88.625	 670	 696	 850
88.75	 671	 696	 850
88.875	 672	 696	 850
89.0	 672	 697	 850
89.125	 673	 697	 850
89.25	 673	 697	 850
89.375	 674	 697	 850
89.5	 674	 698	 850
89.625	 675	 698	 850
89.75	 675	 698	 850
89.875	 675	 698	 850
90.0	 676	 699	 850
90.125	 676	 699	 850
90.25	 677	 699	 850
90.375	 677	 699	 850
90.5	 677	 699	 850
90.625	 678	 700	 850
90.75	 678	 700	 850
90.875	 678	 700	 850
91.0	 679	 700	 850
91.125	 679	 700	 850
91.25	 679	 700	 850
91.375	 680	 700	 850
91.5	 680	 701	 850
91.625	 680	 701	 850
91.75	 680	 701	 850
91.875	 0	 0	 875
92.0	 31	 162	 875
92.125	 68	 225	 875
92.25	 92	 268	 875
92.375	 118	 302	 875
92.5	 142	 330	 875
92.625	 165	 357	 875
92.75	 185	 377	 875
92.875	 203	 395	 875
93.0	 222	 413	 875
93.125	 240	 429	 875
93.25	 256	 443	 875
93.375	 271	 456	 875
93.5	 286	 468	 875
93.625	 302	 481	 875
93.75	 315	 491	 875
93.875	 328	 501	 875
94.0	 340	 511	 875
94.125	 351	 519	 875
94.25	 362	 527	 875
94.375	 373	 534	 875
94.5	 384	 542	 875
94.625	 393	 549	 875
94.75	 403	 556	 875
94.875	 412	 562	 875
95.0	 421	 568	 875
95.125	 429	 573	 875
95.25	 437	 578	 875
95.375	 445	 583	 875
95.5	 452	 588	 875
95.625	 459	 593	 875
95.75	 466	 597	 875
95.875	 470	 600	 875
96.0	 476	 604	 875
96.125	 482	 607	 875
96.25	 488	 611	 875
96.375	 494	 615	 875
96.5	 500	 618	 875
96.625	 505	 622	 875
96.75	 510	 625	 875
96.875	 515	 628	 875
97.0	 519	 631	 875
97.125	 524	 633	 875
97.25	 528	 636	 875
97.375	 533	 639	 875
97.5	 537	 641	 875
97.625	 541	 643	 875
97.75	 545	 646	 875
97.875	 548	 648	 875
98.0	 552	 650	 875
98.125	 555	 652	 875
98.25	 559	 654	 875
98.375	 562	 656	 875
98.5	 565	 657	 875
98.625	 568	 659	 875
98.75	 571	 661	 875
98.875	 574	 662	 875
99.0	 576	 664	 875
99.125	 579	 665	 875
99.25	 581	 667	 875
99.375	 584	 668	 875
99.5	 586	 670	 875
99.625	 588	 671	 875
99.75	 590	 672	 875
99.875	 592	 673	 875
100.0	 594	 674	 875
100.125	 596	 675	 875
100.25	 598	 676	 875
100.375	 600	 677	 875
100.5	 601	 678	 875
100.625	 603	 679	 875
100.75	 605	 680	 875
100.875	 606	 681	 875
101.0	 608	 682	 875
101.125	 609	 683	 875
101.25	 611	 684	 875
101.375	 612	 684	 875
101.5	 613	 685	 875
101.625	 614	 686	 875
101.75	 616	 686	 875
101.875	 617	 687	 875
102.0	 618	 688	 875
102.125	 619	 688	 875
102.25	 620	 689	 875
102.375	 621	 689	 875
102.5	 622	 690	 875
102.625	 623	 690	 875
102.75	 624	 691	 875
102.875	 625	 691	 875
103.0	 626	 692	 875
103.125	 626	 692	 875
103.25	 627	 693	 875
103.375	 628	 693	 875
103.5	 629	 694	 875
103.625	 629	 694	 875
103.75	 630	 694	 875
103.875	 631	 695	 875
104.0	 631	 695	 875
104.125	 632	 695	 875
104.25	 633	 696	 875
104.375	 633	 696	 875
104.5	 634	 696	 875
104.625	 634	 697	 875
104.75	 635	 697	 875
104.875	 635	 697	 875
105.0	 636	 697	 875
105.125	 636	 698	 875
105.25	 637	 698	 875
105.375	 637	 698	 875
105.5	 637	 698	 875
105.625	 638	 699	 875
105.75	 638	 699	 875
105.875	 639	 699	 875
106.0	 639	 699	 875
106.125	 639	 699	 875
106.25	 640	 700	 875
106.375	 640	 700	 875
106.5	 640	 700	 875
106.625	 641	 700	 875
106.75	 641	 700	 875
106.875	 641	 700	 875
107.0	 642	 701	 875
107.125	 642	 701	 875
107.25	 642	 701	 875
107.375	 642	 701	 875
107.5	 0	 0	 900
107.625	 27	 153	 900
107.75	 62	 223	 900
107.875	 88	 268	 900
108.0	 115	 306	 900
108.125	 138	 336	 900
108.25	 162	 363	 900
108.375	 182	 385	 900
108.5	 202	 405	 900
108.625	 221	 423	 900
108.75	 238	 440	 900
108.875	 254	 454	 900
109.0	 268	 467	 900
109.125	 284	 480	 900
109.25	 297	 491	 900
109.375	 310	 501	 900
109.5	 323	 512	 900
109.625	 334	 521	 900
109.75	 346	 529	 900
109.875	 357	 538	 900
110.0	 367	 546	 900
110.125	 377	 553	 900
110.25	 387	 560	 900
110.375	 396	 566	 900
110.5	 404	 572	 900
110.625	 412	 578	 900
110.75	 420	 583	 900
110.875	 427	 588	 900
111.0	 435	 594	 900
111.125	 442	 598	 900
111.25	 448	 602	 900
111.375	 455	 607	 900
111.5	 460	 611	 900
111.625	 467	 615	 900
111.75	 472	 618	 900
111.875	 477	 622	 900
112.0	 483	 625	 900
112.125	 488	 628	 900
112.25	 492	 631	 900
112.375	 497	 634	 900
112.5	 501	 637	 900
112.625	 505	 640	 900
112.75	 509	 642	 900
112.875	 513	 645	 900
113.0	 517	 647	 900
113.125	 521	 649	 900
113.25	 524	 652	 900
113.375	 528	 654	 900
113.5	 531	 656	 900
113.625	 534	 658	 900
113.75	 537	 659	 900
113.875	 540	 661	 900
114.0	 542	 663	 900
114.125	 545	 664	 900
114.25	 547	 666	 900
114.375	 550	 667	 900
114.5	 552	 669	 900
114.625	 554	 670	 900
114.75	 556	 671	 900
114.875	 559	 672	 900
115.0	 561	 674	 900
115.125	 563	 675	 900
115.25	 564	 676	 900
115.375	 566	 677	 900
115.5	 568	 678	 900
115.625	 570	 679	 900
115.75	 571	 680	 900
115.875	 573	 681	 900
116.0	 574	 682	 900
116.125	 576	 683	 900
116.25	 577	 683	 900
116.375	 578	 684	 900
116.5	 579	 685	 900
116.625	 581	 686	 900
116.75	 582	 686	 900
116.875	 583	 687	 900
117.0	 584	 688	 900
117.125	 585	 688	 900
117.25	 586	 689	 900
117.375	 587	 689	 900
117.5	 588	 690	 900
117.625	 589	 691	 900
117.75	 590	 691	 900
117.875	 591	 692	 900
118.0	 592	 692	 900
118.125	 592	 693	 900
118.25	 593	 693	 900
118.375	 594	 693	 900
118.5	 595	 694	 900
118.625	 595	 694	 900
118.75	 596	 695	 900
118.875	 597	 695	 900
119.0	 597	 695	 900
119.125	 598	 696	 900
119.25	 599	 696	 900
119.375	 599	 696	 900
119.5	 600	 697	 900
119.625	 600	 697	 900
119.75	 601	 697	 900
119.875	 601	 698	 900
120.0	 602	 698	 900
120.125	 602	 698	 900
120.25	 602	 698	 900
120.375	 603	 699	 900
120.5	 603	 699	 900
120.625	 604	 699	 900
120.75	 604	 699	 900
120.875	 604	 699	 900
121.0	 605	 700	 900
121.125	 605	 700	 900
121.25	 605	 700	 900
121.375	 606	 700	 900
121.5	 606	 700	 900
121.625	 606	 701	 900
121.75	 606	 701	 900
121.875	 0	 0	 925
122.0	 30	 170	 925
122.125	 66	 238	 925
122.25	 91	 282	 925
122.375	 120	 321	 925
122.5	 142	 349	 925
122.625	 163	 374	 925
122.75	 183	 397	 925
122.875	 202	 416	 925
123.0	 220	 434	 925
123.125	 237	 451	 925
123.25	 252	 465	 925
123.375	 268	 479	 925
123.5	 282	 491	 925
123.625	 294	 502	 925
123.75	 305	 511	 925
123.875	 315	 519	 925
124.0	 326	 528	 925
124.125	 336	 536	 925
124.25	 347	 545	 925
124.375	 356	 552	 925
124.5	 366	 560	 925
124.625	 373	 565	 925
124.75	 383	 572	 925
124.875	 390	 578	 925
125.0	 398	 584	 925
125.125	 405	 589	 925
125.25	 413	 594	 925
125.375	 420	 599	 925
125.5	 427	 605	 925
125.625	 433	 609	 925
125.75	 439	 613	 925
125.875	 445	 617	 925
126.0	 450	 620	 925
126.125	 455	 624	 925
126.25	 460	 628	 925
126.375	 465	 631	 925
126.5	 470	 634	 925
126.625	 474	 637	 925
126.75	 478	 640	 925
126.875	 482	 642	 925
127.0	 486	 645	 925
127.125	 490	 647	 925
127.25	 494	 650	 925
127.375	 497	 652	 925
127.5	 500	 654	 925
127.625	 504	 656	 925
127.75	 507	 658	 925
127.875	 509	 660	 925
128.0	 512	 662	 925
128.125	 515	 664	 925
128.25	 517	 665	 925
128.375	 520	 667	 925
128.5	 522	 668	 925
128.625	 525	 670	 925
128.75	 527	 671	 925
128.875	 529	 673	 925
129.0	 531	 674	 925
129.125	 533	 675	 925
129.25	 535	 676	 925
129.375	 536	 677	 925
129.5	 538	 678	 925
129.625	 540	 679	 925
129.75	 541	 680	 925
129.875	 543	 681	 925
130.0	 544	 682	 925
130.125	 546	 683	 925
130.25	 547	 684	 925
130.375	 548	 685	 925
130.5	 550	 686	 925
130.625	 551	 686	 925
130.75	 552	 687	 925
130.875	 553	 688	 925
131.0	 554	 688	 925
131.125	 555	 689	 925
131.25	 556	 690	 925
131.375	 557	 690	 925
131.5	 558	 691	 925
131.625	 559	 691	 925
131.75	 560	 692	 925
131.875	 561	 692	 925
132.0	 561	 693	 925
132.125	 562	 693	 925
132.25	 563	 694	 925
132.375	 564	 694	 925
132.5	 564	 695	 925
132.625	 565	 695	 925
132.75	 565	 695	 925
132.875	 566	 696	 925
133.0	 567	 696	 925
133.125	 567	 696	 925
133.25	 568	 697	 925
133.375	 568	 697	 925
133.5	 569	 697	 925
133.625	 569	 698	 925
133.75	 570	 698	 925
133.875	 570	 698	 925
134.0	 570	 698	 925
134.125	 571	 699	 925
134.25	 571	 699	 925
134.375	 572	 699	 925
134.5	 572	 699	 925
134.625	 572	 700	 925
134.75	 573	 700	 925
134.875	 573	 700	 925
135.0	 573	 700	 925
135.125	 574	 700	 925
135.25	 574	 701	 925
135.375	 574	 701	 925
135.5	 574	 701	 925
135.625	 0	 0	 950
135.75	 33	 181	 950
135.875	 65	 244	 950
136.0	 94	 293	 950
136.125	 118	 328	 950
136.25	 143	 360	 950
136.375	 163	 384	 950
136.5	 183	 407	 950
136.625	 202	 428	 950
136.75	 219	 445	 950
136.875	 234	 461	 950
137.0	 249	 474	 950
137.125	 264	 488	 950
137.25	 276	 500	 950
137.375	 289	 511	 950
137.5	 301	 521	 950
137.625	 311	 530	 950
137.75	 322	 540	 950
137.875	 332	 548	 950
138.0	 342	 556	 950
138.125	 351	 563	 950
138.25	 359	 569	 950
138.375	 367	 576	 950
138.5	 375	 582	 950
138.625	 383	 588	 950
138.75	 390	 593	 950
138.875	 397	 599	 950
139.0	 403	 603	 950
139.125	 410	 608	 950
139.25	 416	 612	 950
139.375	 422	 617	 950
139.5	 427	 621	 950
139.625	 432	 625	 950
139.75	 437	 628	 950
139.875	 442	 631	 950
140.0	 446	 635	 950
140.125	 451	 638	 950
140.25	 455	 641	 950
140.375	 459	 643	 950
140.5	 463	 646	 950
140.625	 466	 649	 950
140.75	 470	 651	 950
140.875	 473	 653	 950
141.0	 477	 656	 950
141.125	 480	 658	 950
141.25	 483	 660	 950
141.375	 485	 662	 950
141.5	 488	 664	 950
141.625	 491	 665	 950
141.75	 493	 667	 950
141.875	 496	 669	 950
142.0	 498	 670	 950
142.125	 500	 672	 950
142.25	 502	 673	 950
142.375	 504	 674	 950
142.5	 506	 676	 950
142.625	 508	 677	 950
142.75	 510	 678	 950
142.875	 511	 679	 950
143.0	 513	 680	 950
143.125	 514	 681	 950
143.25	 516	 682	 950
143.375	 517	 683	 950
143.5	 519	 684	 950
143.625	 520	 685	 950
143.75	 521	 686	 950
143.875	 522	 687	 950
144.0	 524	 687	 950
144.125	 525	 688	 950
144.25	 526	 689	 950
144.375	 527	 689	 950
144.5	 528	 690	 950
144.625	 529	 691	 950
144.75	 530	 691	 950
144.875	 530	 692	 950
145.0	 531	 692	 950
145.125	 532	 693	 950
145.25	 533	 693	 950
145.375	 534	 694	 950
145.5	 534	 694	 950
145.625	 535	 695	 950
145.75	 536	 695	 950
145.875	 536	 695	 950
146.0	 537	 696	 950
146.125	 537	 696	 950
146.25	 538	 697	 950
146.375	 538	 697	 950
146.5	 539	 697	 950
146.625	 539	 698	 950
146.75	 540	 698	 950
146.875	 540	 698	 950
147.0	 541	 698	 950
147.125	 541	 699	 950
147.25	 541	 699	 950
147.375	 542	 699	 950
147.5	 542	 699	 950
147.625	 543	 700	 950
147.75	 543	 700	 950
147.875	 543	 700	 950
148.0	 544	 700	 950
148.125	 544	 700	 950
148.25	 544	 701	 950
148.375	 544	 701	 950
148.5	 0	 0	 975
148.625	 30	 179	 975
148.75	 63	 246	 975
148.875	 90	 295	 975
149.0	 115	 332	 975
149.125	 138	 363	 975
149.25	 158	 388	 975
149.375	 178	 412	 975
149.5	 195	 431	 975
149.625	 211	 449	 975
149.75	 228	 466	 975
149.875	 243	 481	 975
150.0	 256	 494	 975
150.125	 269	 506	 975
150.25	 282	 518	 975
150.375	 293	 528	 975
150.5	 304	 538	 975
150.625	 314	 547	 975
150.75	 323	 555	 975
150.875	 332	 562	 975
151.0	 341	 570	 975
151.125	 349	 576	 975
151.25	 357	 583	 975
151.375	 365	 589	 975
151.5	 372	 595	 975
151.625	 378	 600	 975
151.75	 385	 605	 975
151.875	 391	 609	 975
152.0	 397	 614	 975
152.125	 402	 618	 975
152.25	 408	 622	 975
152.375	 412	 626	 975
152.5	 417	 630	 975
152.625	 422	 633	 975
152.75	 426	 637	 975
152.875	 430	 640	 975
153.0	 434	 643	 975
153.125	 438	 646	 975
153.25	 442	 648	 975
153.375	 446	 651	 975
153.5	 449	 653	 975
153.625	 452	 655	 975
153.75	 455	 658	 975
153.875	 458	 660	 975
154.0	 461	 662	 975
154.125	 463	 664	 975
154.25	 466	 666	 975
154.375	 468	 667	 975
154.5	 471	 669	 975
154.625	 473	 670	 975
154.75	 475	 672	 975
154.875	 477	 673	 975
155.0	 479	 675	 975
155.125	 481	 676	 975
155.25	 483	 677	 975
155.375	 484	 679	 975
155.5	 486	 680	 975
155.625	 488	 681	 975
155.75	 489	 682	 975
155.875	 491	 683	 975
156.0	 492	 684	 975
156.125	 493	 685	 975
156.25	 495	 686	 975
156.375	 496	 686	 975
156.5	 497	 687	 975
156.625	 498	 688	 975
156.75	 499	 689	 975
156.875	 500	 689	 975
157.0	 501	 690	 975
157.125	 502	 690	 975
157.25	 503	 691	 975
157.375	 503	 692	 975
157.5	 504	 692	 975
157.625	 505	 693	 975
157.75	 506	 693	 975
157.875	 507	 694	 975
158.0	 507	 694	 975
158.125	 508	 695	 975
158.25	 509	 695	 975
158.375	 509	 696	 975
158.5	 510	 696	 975
158.625	 510	 696	 975
158.75	 511	 697	 975
158.875	 511	 697	 975
159.0	 512	 697	 975
159.125	 512	 698	 975
159.25	 513	 698	 975
159.375	 513	 698	 975
159.5	 514	 699	 975
159.625	 514	 699	 975
159.75	 514	 699	 975
159.875	 515	 699	 975
160.0	 515	 700	 975
160.125	 515	 700	 975
160.25	 516	 700	 975
160.375	 516	 700	 975
160.5	 516	 701	 975
160.625	 517	 701	 975
160.75	 517	 701	 975
160.875	 517	 701	 975
161.0	 517	 701	 975
